1.535449811956018493e+02
1.556257180259274833e+02
1.577925878060483171e+02
1.600263662395921074e+02
1.623155504076432578e+02
1.646250613830564760e+02
1.666882755949905288e+02
1.679650486321465053e+02
1.700063790536529496e+02
1.725250446888091744e+02
1.751813984568773321e+02
1.779272715544139203e+02
1.807262259006720342e+02
1.833367552843398585e+02
1.848295518855276498e+02
1.871562698753034795e+02
1.902063333578062156e+02
1.934328395479064966e+02
1.967551685735350020e+02
1.999485629844589596e+02
2.017216794031932636e+02
2.043299442238487984e+02
2.079642881499310079e+02
2.118121450510477359e+02
2.156955607521595937e+02
2.183103989782079566e+02
2.206333624529255246e+02
2.247810384752171728e+02
2.292586296854326235e+02
2.336383690615410558e+02
2.357977980096229942e+02
2.394199811537369840e+02
2.444433096107992469e+02
2.495889356631243743e+02
2.525089351980705317e+02
2.559893772833362675e+02
2.616857486378137878e+02
2.674085536364694349e+02
2.699072616192567011e+02
2.748106639984381445e+02
2.813930847009090144e+02
2.861292778902170539e+02
