Title: The First APOKASC Catalog of Kepler Dwarf and Subgiant Stars
Authors: Aldo Serenelli, Jennifer Johnson, Daniel Huber, Marc Pinsonneault,
	 Warrick H. Ball, Jamie Tayar, Victor Silva Aguirre, Sarbani Basu,
	 Nicholas Troup, Saskia Hekker, Thomas Kallinger, Dennis Stello,
	 Guy R. Davies, Mikkel N. Lund, Savita Mathur, Benoit Mosser,
	 Keivan G. Stassun, William J. Chaplin, Yvonne Elsworth,
	 Rafael A. Garcia, Rasmus Handberg, Jon Holtzman2, Fred Hearty,
	 D. A. Garcia-Hernandez, Patrick Gaulme, and Olga Zamora
Table: Seismic properties of the APOKASC dwarfs sample
============================================================================
Byte-by-byte description
----------------------------------------------------------------------------
   Bytes  Format  Units  Label      Explanation
----------------------------------------------------------------------------
  1- 10    A10    ----   KIC        KIC identification number
 12- 19    F8.3   muHz   numax      Frequency of maximum power
 21- 28    F8.3   muHz   enumax     numax error
 30- 37    F8.3   muHz   Dnu        Large frequency separation
 39- 46    F8.3   muHz   eDnu       Dnu error
 48- 55    F8.3   days   Length     Length of Kepler time series
 57- 64    F8.3   ----   HBR        Height-to-background ratio
----------------------------------------------------------------------------
KIC numax enumax Dnu eDnu Length HBR
   1435467 1382.311   19.038   70.558    0.087  938.100    1.662 
   2010607  674.919  146.523   42.479    2.185   28.900    1.547 
   2309595  643.208   11.226   39.029    0.721   28.900    1.767 
   2450729 1053.105  114.904   61.910    2.539   28.900    1.470 
   2837475 1629.761   18.396   75.720    0.129 1029.400    1.767 
   2849125  722.576   27.254   41.322    1.970   24.900    1.624 
   2852862  983.522   16.419   53.556    0.149  523.700    1.411 
   2991448 1111.248   18.148   61.732    0.899   92.600    1.609 
   2998253 1884.738  226.070   87.227    5.653   31.000    1.049 
   3112152 1221.493   54.117   65.130    2.122   26.100    1.231 
   3112889  871.525   65.675   53.709    1.865   31.000    1.451 
   3115178  428.866    7.731   28.414    0.728   29.400    3.308 
   3223000 2573.222  563.234  110.919    1.662   32.400    1.102 
   3241581 2807.592  395.565  123.412    2.821   30.000    1.105 
   3329196  435.093   31.154   29.604    1.193   31.100    7.560 
   3424541  769.626   10.207   41.291    0.122  931.000    1.702 
   3427720 2726.381   56.767  120.045    0.120  963.800    1.125 
   3429205  371.041    4.536   24.296    0.098  683.000    3.970 
   3430893 1700.054   88.249   80.813    3.933   28.400    1.247 
   3437637  834.621   45.394   48.084    1.996   24.900    1.496 
   3438633  964.992   37.231   55.725    2.223   24.900    1.614 
   3545753  749.341   66.324   43.288    1.165   30.000    1.717 
   3630240  253.379    6.169   18.327    0.310   28.500    3.109 
   3632418  690.176   32.749   39.276    0.309 1018.800    2.398 
   3633847 1139.085   88.447   61.149    1.012   29.900    1.639 
   3633889 2010.370   59.724   97.458    4.474   29.400    1.281 
   3642422  494.146   49.091   29.442    0.402   31.000    1.528 
   3643774 1566.577   52.518   76.417    0.314   87.100    1.460 
   3656476 1932.400   23.744   93.305    0.079  783.300    1.371 
   3657002 1600.226   94.805   80.096    1.018   28.300    1.474 
   3661135 1005.609   30.574   54.965    1.588   26.100    1.554 
   3730801 1493.040   53.707   74.547    1.962   28.900    1.182 
   3733735 2105.007   33.992   92.149    0.165  537.500    1.680 
   3735871 2815.568   67.491  122.856    0.472 1030.500    1.107 
   3761840  646.538   44.293   34.671    1.027   28.700    1.466 
   3854781 1181.003   33.708   62.016    0.958   25.900    1.392 
   3942719  786.269   20.328   45.463    1.208   28.500    1.585 
   3952307  853.018   56.238   51.339    1.106   24.900    1.820 
   3952580  627.898   18.374   36.477    0.435   30.000    1.866 
   3967859 1580.469  203.830   93.782    2.216   31.000    1.134 
   4038445  492.804    8.319   31.435    0.467   29.400    1.889 
   4049576  953.579  125.509   53.265    3.312   28.500    1.357 
   4064447  287.334   21.580   19.174    0.884   28.900    2.788 
   4072740  261.380    3.409   18.352    0.055  337.100    5.860 
   4165030 1096.081   37.335   61.846    1.494   28.600    1.318 
   4243623  493.549   10.974   31.938    1.201   25.900    3.831 
   4247542 1204.068  162.728   72.194    2.345   28.500    1.196 
   4346201  956.143   42.803   55.319    0.434   87.900    1.968 
   4347652  259.952   30.482   17.352    1.004   28.900    3.118 
   4351319  385.509    5.005   24.493    0.125  781.200    4.825 
   4378838  395.498   10.830   24.146    0.767   31.000    2.375 
   4446300  844.081   29.487   50.025    0.469   24.900    1.973 
   4450844 1358.900   20.580   72.653    0.198  189.400    1.373 
   4457351 1088.104   40.068   61.016    2.546   29.400    1.376 
   4465324 1736.016   67.967   86.274    1.457   31.000    1.219 
   4465529 1389.690   67.234   72.660    1.054   56.300    1.302 
   4543171 1484.420   70.713   71.217    1.973   25.700    1.424 
   4571351 1293.041  149.289   79.194    4.312   29.600    1.171 
   4571904  768.524   35.173   45.028    4.303   28.600    1.347 
   4574610  690.176   32.749   39.276    0.309   26.000    1.925 
   4577484  818.378  109.549   46.500    0.752   25.900    1.346 
   4586099 1127.662   36.621   61.819    0.307   87.100    1.662 
   4638884 1203.148   18.326   60.727    0.193  364.400    1.502 
   4641621  454.990   46.744   30.649    1.011   29.400    1.918 
   4672403 1105.801   49.862   60.535    0.646   24.900    1.430 
   4739932 1139.148   96.136   60.559    1.530   29.400    1.281 
   4755204 1350.677   41.303   70.348    0.792   33.400    1.339 
   4756112  669.295   68.681   36.842    1.494   29.400    1.464 
   4841753  861.077   80.147   49.655    2.429   30.000    1.302 
   4842436 1338.963  183.233   72.551    3.086   31.100    1.339 
   4846457  697.151   60.537   42.067    2.816   31.100    1.837 
   4914923  690.176   32.749   39.276    0.309  962.700    1.546 
   4915148  567.165    8.847   35.351    0.281   29.500    5.683 
   4947253  920.825   47.532   51.547    1.209   29.400    1.567 
   5021689 1182.910   36.545   63.504    0.233   92.600    2.248 
   5033245  423.674    7.392   26.525    0.259   29.400    4.524 
   5084157 1792.496   44.169   87.726    3.294   29.400    1.125 
   5095159  580.816   91.438   34.995    0.241   30.000    1.595 
   5110725  318.001    5.685   21.157    0.289   25.900    4.743 
   5214711 1001.627  124.284   60.170    2.717   29.600    1.248 
   5253542 2393.144  147.551  108.071    1.821   31.000    1.108 
   5265656  556.196  120.097   34.521    0.818   30.000    1.553 
   5344612 1279.595  109.403   65.683    2.719   25.900    1.291 
   5353186  879.035   26.011   47.545    1.346   28.900    1.541 
   5371516 1013.213   31.519   55.347    0.291   74.900    2.698 
   5390438  299.568    5.124   21.183    0.387   25.700    6.801 
   5429911  455.035   25.051   27.920    0.840   28.400    1.980 
   5431016  982.258  102.610   48.838    0.325  422.400    1.291 
   5431807  443.035    8.566   28.363    0.185   28.500    2.984 
   5450445 1077.054   43.623   57.311    0.216   90.800    1.615 
   5512589 1304.710   27.058   68.079    0.185   87.900    1.679 
   5516982 1705.575   44.389   84.156    0.392   87.800    1.417 
   5523099  732.632   31.530   42.617    1.426   26.100    1.552 
   5530375  549.896   24.790   35.175    0.865   30.000    2.761 
   5543462 1768.811  287.746   92.696    5.211   30.000    1.187 
   5607242  676.118    7.613   40.628    0.073 1045.400    1.930 
   5629080  428.630    8.085   27.780    0.241   30.000    3.679 
   5636956 1013.296   38.441   55.235    1.415   26.100    1.502 
   5683538  683.725  119.496   41.980    2.381   28.900    1.528 
   5689219 1299.947  118.312   66.404    1.613   25.100    1.461 
   5723165  572.374    7.928   34.500    0.390  661.600    2.755 
   5773155 1186.800   47.754   61.134    1.882   29.600    1.469 
   5773345 1103.771   15.706   57.551    0.086  422.900    1.999 
   5822889  300.250    7.401   19.708    0.127  317.200    1.636 
   5892169  493.997    9.695   29.750    0.482   29.400    2.555 
   5950854 1924.536   32.725   96.857    0.194  401.900    1.145 
   5955122  860.142    9.557   49.214    0.558 1039.200    2.451 
   5961597 1261.854   74.001   59.760    1.301   25.900    1.586 
   6034893  335.788   10.746   20.899    1.097   29.900    1.630 
   6035199  326.487   11.095   23.738    0.827   29.900    4.640 
   6047087 1967.063  124.445   93.524    1.248   31.000    1.293 
   6049366 1083.243  127.172   60.360    3.951   31.100    1.495 
   6116048 2102.099   24.883  100.891    0.089 1048.000    1.804 
   6129877 1939.249  119.326   92.943    2.667   29.400    1.315 
   6145937  653.556   16.150   41.340    1.068   29.400    1.910 
   6232600 1933.004   95.366   94.626    1.002   25.200    1.669 
   6287060 1600.911  207.438   80.146    2.235   30.000    1.337 
   6290627  319.911    6.923   22.336    0.182   25.900    4.890 
   6308642  730.729   23.493   42.511    0.399   31.000    2.171 
   6313425  628.947    9.135   37.176    0.358  567.000    1.480 
   6370489  913.540   17.107   52.168    0.308   87.800    2.954 
   6430804  363.387    9.759   25.289    3.593   29.500    6.369 
   6442183  690.176   32.749   39.276    0.309  955.900    2.765 
   6508366  962.773   11.455   51.732    0.081  923.700    1.889 
   6520835  893.550   45.787   49.844    0.521   29.300    2.184 
   6529109 1140.208   32.581   60.105    0.569   25.900    1.617 
   6530901 1601.798  176.417   78.581    0.784   29.800    1.416 
   6531928  456.958    9.822   31.375    0.412  655.900    2.981 
   6592305  837.449   33.357   46.861    0.699   29.400    2.397 
   6593620 1274.074   85.103   67.665    1.748   28.900    1.220 
   6603624 2382.916   32.100  110.321    0.104 1049.600    1.408 
   6605673 1246.173   90.083   68.074    0.821   30.000    1.380 
   6612225 1113.110   29.449   58.904    2.607   25.900    1.699 
   6671492  746.600   47.870   42.105    0.736   24.900    1.839 
   6688822  827.064   48.554   47.048    0.721   30.000    1.827 
   6689943 1679.601   66.364   80.825    1.745   29.300    1.295 
   6693861  786.144   10.437   47.298    0.180  567.800    1.437 
   6766513  873.803   21.447   50.673    0.455  522.800    1.288 
   6802438  567.653   14.823   34.560    0.183   92.500    2.075 
   6806100  909.346  176.552   45.815    2.052   33.400    1.200 
   6837853 1875.477  140.767   89.310    3.970   26.100    1.136 
   6848299  949.135   28.459   56.460    2.650   31.000    1.525 
   6853020 1017.234   96.986   54.204    1.787   26.900    1.393 
   6863041  791.230   41.065   42.899    0.583   92.400    1.276 
   6933899 1384.703   15.411   72.139    0.066 1046.400    1.713 
   6947945  730.514   15.559   43.660    1.416   25.900    1.872 
   7038145  750.995   43.540   42.455    1.205   29.600    1.573 
   7103006 1168.402   15.095   59.603    0.086  856.200    1.583 
   7106245 2440.879   55.896  111.337    0.174  919.100    1.072 
   7107778  538.946   10.637   31.938    0.434  596.800    1.815 
   7133688 1133.731  152.199   59.224    2.030   25.900    1.227 
   7174470  930.091   82.104   47.136    1.173   33.400    1.491 
   7174707  816.137    9.101   47.315    0.073 1050.500    1.391 
   7206837 1634.950   27.894   79.157    0.110  945.100    1.308 
   7216846  482.558   14.948   28.644    0.334   92.400    1.666 
   7264595  543.251   45.729   36.305    2.571   31.100    2.074 
   7282890  822.435   22.866   45.479    0.539   74.400    2.141 
   7296438 1845.525   22.219   88.743    0.110  431.000    1.310 
   7341231  690.176   32.749   39.276    0.309 1038.800    5.927 
   7376493 1336.273   49.143   75.169    1.127   26.100    1.274 
   7383120 1787.203   91.303   83.410    4.181   29.600    1.191 
   7386523  911.992   66.360   48.747    3.067   29.400    1.187 
   7429287 1346.771   48.299   71.244    1.211   28.900    1.243 
   7448374  774.158   32.432   44.408    0.545   29.900    2.475 
   7529180 1911.944   59.189   86.427    1.294   71.200    1.390 
   7534011 1022.367   33.095   57.210    1.624   31.000    1.320 
   7584900  322.994    3.648   21.795    0.271 1050.200    5.158 
   7591963 1107.080   66.024   59.881    1.700   33.400    1.307 
   7611858 1556.412  282.904   75.251    3.437   25.900    1.195 
   7628676  478.644   14.229   29.245    0.433   26.100    4.142 
   7668623  806.936   29.594   45.663    0.605   87.200    1.793 
   7680114 1709.994   20.423   85.169    0.083  838.600    1.329 
   7700968 2069.664  425.841  101.902    4.991   25.900    1.153 
   7739672 1352.234  209.703   66.015    1.910   29.500    1.148 
   7747078  690.176   32.749   39.276    0.309 1045.700    2.201 
   7771282 1459.159   67.736   72.313    0.198  523.600    1.217 
   7799349  569.664    7.040   33.299    0.322 1049.100    3.103 
   7799430  467.537    8.869   31.117    0.328   28.500    4.438 
   7800289  586.615   14.478   33.597    0.153  669.400    1.986 
   7833440 1117.068  104.759   66.216    1.041   30.000    1.379 
   7870112 1422.539  102.615   69.435    6.297   28.500    1.151 
   7871531 3512.044   62.508  151.190    0.379 1050.200    1.053 
   7880676 1025.485   73.309   53.848    1.633   29.600    1.558 
   7910848 1279.573  336.759   73.054    2.728   29.400    1.148 
   7914731  583.321   54.674   34.570    2.414   28.900    1.957 
   7976303  869.617   23.665   51.314    0.503 1050.500    2.730 
   8012842 2000.352  317.494   95.845    3.970   28.900    1.162 
   8016496 1031.948  100.398   53.513    3.752   33.400    1.302 
   8018599  440.299    6.600   27.984    0.262  962.200    1.787 
   8019508  644.607   42.813   38.983    0.411   31.000    2.496 
   8026226  564.466    6.775   34.343    0.163  331.100    2.691 
   8027956 1189.194   85.476   65.284    2.127   29.400    1.295 
   8045442  482.655   48.653   31.916    0.697   25.900    2.232 
   8106950 1147.026  103.949   62.061    6.098   29.400    1.268 
   8114155 1382.158  151.118   73.675    3.015   31.100    1.273 
   8150065 1875.022   62.654   89.055    0.362  401.800    1.171 
   8174981  993.409   62.896   53.743    1.008   31.000    1.761 
   8176564 1519.762   25.285   77.776    0.126  275.900    1.379 
   8179536 2064.149   32.076   95.196    0.139  498.400    1.372 
   8179643 1029.090   47.932   56.926    3.014   31.000    1.267 
   8179973  342.157    3.953   22.918    0.037  866.700    4.384 
   8216936 1118.588   58.678   56.678    7.220   29.300    1.401 
   8228742 1175.394   15.702   62.051    0.066 1049.300    1.900 
   8241455  713.223   59.164   41.890    0.723   31.000    1.538 
   8249189 1402.424   95.872   67.600    7.890   25.900    1.508 
   8289241 1817.121  122.906   95.976    4.165   29.900    1.209 
   8298626 1896.023  105.052   91.514    1.642   29.400    1.264 
   8321567 1304.981  184.756   70.851    0.757   33.400    1.310 
   8360349  739.636   18.896   40.760    0.274   92.000    1.864 
   8367710 1032.560   27.584   55.607    0.467  147.800    1.478 
   8394589 2385.971   41.713  109.443    0.204 1050.700    1.250 
   8408931  578.341   44.765   33.932    0.417   25.900    2.072 
   8414062 1130.258  194.199   70.479    6.383   26.100    1.164 
   8416311  875.152   40.247   48.885    1.784   27.500    1.935 
   8424992 2525.043   76.710  120.914    0.305  338.500    1.103 
   8493735  620.149   40.786   38.500    1.154   30.000    2.070 
   8493800 1832.581  155.011   83.226    1.453   33.400    1.170 
   8499940 1300.637   60.122   69.493    1.050   33.400    1.221 
   8561221  489.612    5.706   29.766    0.072 1047.100    1.796 
   8574769 1321.783   65.317   71.284    0.565   25.900    1.276 
   8579578  958.390   35.628   50.338    0.549   71.300    1.935 
   8621637 1042.115   32.169   57.437    1.604   26.100    1.322 
   8656342 1015.271  227.206   71.368    1.167   29.400    1.137 
   8677016 1858.634  162.027   91.854    1.774   31.000    1.129 
   8694723 1434.684   20.974   75.088    0.090 1049.700    2.111 
   8696343 2405.417  225.091  110.738    3.673   28.600    1.156 
   8702606  666.500   10.177   39.639    0.063 1048.900    2.794 
   8738809  884.469   23.040   49.456    0.148  345.000    1.912 
   8776961 1206.211   35.087   64.779    0.708   30.000    1.384 
   8802782  771.388   53.468   45.118    3.186   26.100    1.477 
   8817551  737.414  117.320   43.190    1.391   29.400    1.467 
   8868481  678.338   46.967   40.421    1.343   25.900    1.634 
   8915084 1608.535   76.094   78.645    1.078   30.000    1.403 
   8938364 1669.006   20.241   85.678    0.097  958.700    1.368 
   8940939 1538.954   55.252   77.348    3.725   26.100    1.342 
   8950146 2131.654   90.867   94.829    3.034   29.400    1.069 
   8952800  973.873   24.886   53.048    1.346   29.400    1.513 
   8956017 1234.145   97.140   62.170    3.883   31.100    1.546 
   9005973 1538.112  126.210   82.376    1.718   33.400    1.169 
   9025370 3016.535   51.228  132.707    0.429 1048.200    1.091 
   9026479  702.799   17.215   42.444    0.825   29.400    2.338 
   9026685 1128.535   43.885   61.894    0.639   30.000    1.451 
   9049593 1916.848  147.165   85.064    3.078   28.900    1.106 
   9051235  909.289  111.019   51.208    3.800   29.600    1.275 
   9073645  739.969   69.157   43.619    1.881   28.500    1.556 
   9073950  296.454    4.990   20.644    0.030  611.200    2.133 
   9093289 1731.183  273.826   85.796    1.883   30.000    1.155 
   9098294 2327.298   29.431  109.120    0.117 1049.500    1.173 
   9116461 2241.753   74.904  105.301    3.745   26.700    1.448 
   9119139 1124.874  127.720   61.654    3.381   29.400    1.372 
   9138680  708.002   44.549   41.555    0.952   33.400    1.571 
   9139151 2687.230   44.996  117.249    0.160 1010.500    1.231 
   9139163 1683.419   30.613   81.027    0.087 1037.300    1.665 
   9143749 1207.181   60.052   64.977    1.891   31.000    1.356 
   9150095  260.118    8.461   18.319    0.445   24.900    4.177 
   9163769 1877.806  290.520   80.202    2.088   27.800    1.257 
   9201604  399.696   14.703   25.906    0.240   29.500    3.226 
   9202077 1131.446   51.620   57.869    0.912   30.000    1.713 
   9204313 1372.311  319.043   74.334    0.815   24.900    1.405 
   9206432 1872.097   22.226   84.777    0.137  595.800    1.472 
   9225600 1239.993   45.580   64.662    1.638   28.500    1.336 
   9226926 1610.118   42.436   73.274    0.564  165.000    1.633 
   9266926 1325.799   49.279   75.081    1.458   24.900    1.221 
   9287845  824.544   82.638   48.166    2.261   29.400    1.439 
   9289275 1302.698   49.175   66.784    0.272   86.900    1.641 
   9292130  855.519   26.904   48.776    1.385   24.900    1.770 
   9328372 1338.575  143.176   67.368    3.480   31.100    1.325 
   9353712  920.057   13.105   51.461    0.141  565.200    1.403 
   9353859  381.884    9.046   24.541    1.719   28.500    2.159 
   9390670 1386.494  119.117   70.619    3.995   30.800    1.507 
   9394953 1194.358  146.773   64.872    1.027   33.400    1.180 
   9410862 2230.819   47.828  107.552    0.160  919.300    1.117 
   9414381  873.328   24.183   48.976    0.885   25.900    1.914 
   9414417 1128.283   17.300   60.098    0.098  868.700    1.704 
   9446628 1031.176  130.931   56.106    3.718   28.900    1.436 
   9451741 2092.584   98.891   94.243    8.552   29.400    1.140 
   9455860 1487.039  181.810   70.913    2.433   33.400    1.300 
   9457728 1064.320   50.938   59.641    0.713   25.900    1.517 
   9458636 1176.150   52.202   66.930    2.991   25.900    1.264 
   9468847 1084.708   77.392   61.356    2.002   25.900    1.586 
   9512063  843.343   14.610   49.893    0.207   92.500    2.335 
   9542776  658.934   79.484   40.390    4.274   29.900    1.402 
   9574283  446.212    5.824   29.807    0.162 1050.900    2.898 
   9579208 1119.805   46.014   61.954    0.341  172.400    1.369 
   9641837  827.414   30.639   47.184    0.875   25.900    1.960 
   9664694  718.562   23.645   43.473    1.470   25.900    1.577 
   9693187 1518.292   34.937   79.739    0.274   92.600    1.413 
   9696358  911.269   25.237   50.864    0.294  366.700    1.249 
   9697131 1134.131   33.946   60.050    0.389  227.700    1.271 
   9700430 1649.106   94.856   79.489    2.477   28.500    1.170 
   9702369 2007.782   40.271   93.488    0.326  128.700    1.380 
   9702752 1287.321   48.500   67.147    0.521   24.900    1.734 
   9754284 1516.789  201.079   73.944    0.852   25.900    1.241 
   9757640 1197.132  106.977   62.006    1.602   29.400    1.348 
   9778067  907.529   49.429   49.808    2.298   29.400    1.373 
   9787965  905.295   46.857   53.636    3.352   33.400    1.426 
   9788260  480.756   12.282   29.213    1.434   24.900    1.422 
   9791157 1001.791   88.649   54.457    0.844   29.400    1.398 
   9812421  430.122    8.180   27.671    0.227   25.800    5.050 
   9812850 1235.938   16.843   64.911    0.105  970.700    1.471 
   9821513 1206.232   40.963   60.207    3.612   29.700    1.322 
   9880787  891.494   39.551   51.274    0.694   31.000    1.661 
   9893470  428.588   33.010   27.862    1.187   25.900    2.112 
   9903271  357.695    6.993   24.096    0.538   28.900    6.036 
   9908400  650.286   23.283   36.624    0.231   89.500    1.954 
   9955598 3546.786   79.412  153.156    0.140 1050.300    1.048 
   9962623 1491.265  128.363   82.216    1.292   31.000    1.098 
   9965715 2076.618   28.331   97.315    0.164  593.100    1.424 
  10003270  781.080   54.672   42.502    1.959   33.400    1.685 
  10016239 2180.275  127.648  101.494    1.593   91.500    1.205 
  10018963  973.851   13.902   54.987    0.163 1049.800    2.515 
  10019747 1233.405  112.187   66.697    0.699   25.900    1.645 
  10024648 1087.190   52.688   56.656    0.935   28.400    1.613 
  10025841 1542.395  180.752   75.175    6.746   28.400    1.176 
  10070754 2130.810  228.808  100.028    2.262   30.000    1.217 
  10074716 1724.368  251.278   83.884    2.620   26.100    1.142 
  10079226 2570.387   72.245  116.036    0.735  337.600    1.109 
  10081026  714.109   58.856   43.416    2.174   25.900    1.405 
  10088136  364.253   28.270   24.824    2.134   31.100    4.227 
  10118942  773.262   55.424   46.412    1.523   28.600    1.393 
  10129349 1884.292  300.236   81.195    2.430   28.100    1.400 
  10130853  297.046    4.017   20.306    0.116  430.100    5.069 
  10147635  613.804    8.105   37.123    0.364  833.300    1.851 
  10162436 1015.101   15.061   55.834    0.084  685.800    2.312 
  10186764 1303.519  122.930   68.253    3.317   26.100    1.471 
  10214328 1223.514  196.385   60.773    1.742   33.300    1.308 
  10215584 2107.227  459.290  115.158    2.834   31.000    1.086 
  10272858  343.693    3.934   22.755    0.038  961.800    3.412 
  10272923  487.863   11.244   30.858    0.222   28.800    4.456 
  10273246  835.402   28.462   48.546    0.281  389.700    1.713 
  10295224  654.563   46.627   38.668    1.924   33.500    2.524 
  10319352 1066.464  318.376   78.746    1.732   29.400    1.180 
  10322381 1676.181  143.038   86.644    6.572   25.800    1.177 
  10324098  902.104   43.750   49.903    1.475   33.400    1.429 
  10351059 1337.308   85.764   65.373    1.668   29.900    1.576 
  10355856 1319.980   28.612   67.285    0.171  297.400    1.620 
  10385708 1141.018  125.020   64.508    1.255   25.900    1.173 
  10394814  372.931    5.566   25.560    0.248   28.500    7.343 
  10398597 1001.925  106.274   57.387    2.704   26.100    1.255 
  10417911  989.906   49.384   56.138    2.099   24.900    1.368 
  10454113 2337.954   32.932  105.109    0.136 1035.700    1.414 
  10462940 2317.486   67.447  104.459    0.454   92.500    1.209 
  10491771 1685.675  177.110   81.002    2.804   24.000    1.309 
  10518551  879.302   26.307   50.052    0.724   30.000    2.039 
  10593351  502.237    9.465   32.091    0.200  522.600    1.915 
  10610027 1711.616  146.617   85.593    5.419   32.800    1.307 
  10644253 2899.488   92.723  122.914    0.203 1040.000    1.107 
  10655953 2200.019  145.241  105.098    2.326   33.400    1.089 
  10670371  538.027    9.687   31.237    0.509   25.900    2.102 
  10712891  515.308   15.385   30.807    1.765   26.100    1.605 
  10717090 1609.208  231.441   77.260    2.727   30.000    1.224 
  10727922  979.264   85.945   55.389    3.045   28.900    1.558 
  10730618 1278.061   34.169   66.192    0.152  791.800    1.279 
  10731424  664.001   34.024   37.724    2.180   28.100    1.600 
  10732098 1047.011   56.756   62.183    1.924   29.600    1.419 
  10794845 2778.118  730.536  116.349    6.699   31.100    1.127 
  10873176  832.834   50.719   48.342    0.800   92.600    1.612 
  10909629  886.681   24.011   49.467    0.146  360.200    1.323 
  10923629  751.526   18.451   42.207    0.234   87.700    1.931 
  10959362  851.625   55.987   45.437    1.634   26.100    1.725 
  10963065 2177.336   30.132  103.211    0.108  769.500    1.618 
  10971974 2347.024  223.686  106.633    3.312   24.900    1.081 
  10972252  818.958   35.466   44.450    0.933   33.400    1.512 
  10972873 1036.851   25.432   58.402    0.142  890.900    1.607 
  10976896  741.972   31.399   44.737    1.027   30.000    1.723 
  11021413  813.048   21.747   48.164    1.288   30.000    2.504 
  11026764  890.497   12.415   50.545    0.363 1049.700    2.210 
  11027406 1660.241   80.907   88.314    0.954   25.900    1.333 
  11070918  690.176   32.749   39.276    0.309   90.100    1.409 
  11074380  578.815   20.371   34.786    1.302   28.600    1.781 
  11075448 1686.960  212.746   78.101    2.865   30.000    1.262 
  11081729 1940.604   29.065   90.019    0.165  778.800    1.532 
  11082784  853.121   34.724   49.485    1.697   28.900    1.712 
  11083308  902.282   76.105   51.208    2.443   28.900    1.506 
  11127479 1853.148  135.824   90.870    0.695  205.100    1.079 
  11137075 1171.228   14.181   65.089    0.534  524.100    1.504 
  11138101  672.925   73.312   43.809    1.823   28.900    1.875 
  11188219 1830.930  367.658   93.460    2.439   25.900    1.102 
  11193681  745.210    9.638   42.844    0.367 1051.400    1.838 
  11244118 1386.781   16.192   71.373    0.069 1050.600    1.581 
  11253226 1661.131   20.442   77.053    0.091 1031.300    1.780 
  11294717  932.527   74.260   59.440    4.212   26.100    1.253 
  11307875  300.217   14.568   19.935    0.264   28.800    2.469 
  11389393 1139.842   46.245   60.617    2.664   20.800    1.399 
  11389437 1228.753   38.355   67.924    1.075   25.800    1.489 
  11395018  846.580   15.785   47.785    0.724  593.900    1.736 
  11401156  578.763   17.163   35.998    0.698   29.400    2.891 
  11401708  672.048   18.942   40.161    0.296   92.400    1.647 
  11414712  753.703   19.584   43.827    0.156 1042.600    2.581 
  11454149 2541.140  283.771  114.969    3.297   31.000    1.166 
  11460626  801.428   72.940   48.039    1.871   29.600    1.467 
  11467550  967.517   50.127   54.540    2.932   29.900    1.378 
  11496573  352.306    7.757   23.272    0.533   29.500    3.067 
  11506988 1090.014   86.773   58.590    1.370   28.500    1.473 
  11507653 1356.154  182.970   70.218    2.324   33.400    1.139 
  11558593  449.098   24.594   28.486    0.534   31.000    2.356 
  11611414 1121.172  194.534   68.810    2.562   28.900    1.208 
  11620833  351.828   20.697   22.331    0.191   30.900    3.327 
  11674236  891.072   79.008   51.009    0.990   26.100    1.371 
  11713510 1257.002   18.630   68.759    0.183   92.600    1.448 
  11717120  592.469   11.729   37.552    1.416 1049.000    3.403 
  11722551  752.112   10.680   43.774    0.630   25.900    2.614 
  11723674  700.218   43.608   40.971    1.241   33.400    1.475 
  11771760  524.203    8.825   32.571    0.161 1051.100    1.621 
  11772920 3428.780  154.879  157.619    0.486 1050.300    1.019 
  11802968  509.911   16.377   34.226    0.262   29.400    3.803 
  11817562  727.257   82.010   41.097    2.025   28.600    1.270 
  11873252  267.975    9.474   19.946    1.121    9.700    7.980 
  12020532  375.935    9.362   22.941    0.525   29.300    1.818 
  12069127  886.915   16.511   48.386    0.112  517.900    1.452 
  12069569  737.053  102.768   44.687    2.162   31.100    1.472 
  12117868 1859.173  186.779   93.695    3.943   31.100    1.244 
  12265063 1324.832  232.036   67.875    2.498   29.200    1.169 
  12317678 1248.595   14.625   63.573    0.089 1047.500    1.880 
  12366681  690.176   32.749   39.276    0.309   87.800    1.700 
