1.533855993593228675e+02
1.554608420138894189e+02
1.576246076333856649e+02
1.598559443367129518e+02
1.621436577534768162e+02
1.644552463665090727e+02
1.665506345890464672e+02
1.678379371783665590e+02
1.698328382925692495e+02
1.723425599592944195e+02
1.749949898544159623e+02
1.777382065081841347e+02
1.805371357927207328e+02
1.831719455587586083e+02
1.846931506724565963e+02
1.869646710156634981e+02
1.900047718101027101e+02
1.932270682882000301e+02
1.965477198358821909e+02
1.997584660768511924e+02
2.015729474024704473e+02
2.041200170769338058e+02
2.077435912568230663e+02
2.115873228843891525e+02
2.154747398515284260e+02
2.181485969590312664e+02
2.204127307501751716e+02
2.245427005277223600e+02
2.290156390607268975e+02
2.334100671946078194e+02
2.356117643709527272e+02
2.391696263879164519e+02
2.441836261638206338e+02
2.493330464019724957e+02
2.523103313957059584e+02
2.557232893927766213e+02
2.614078361937898194e+02
2.671430457188043874e+02
2.696806108640288357e+02
2.745204754193589451e+02
2.810964201594475753e+02
2.858893609848648794e+02
