1.502186384946913336e+02
1.514917246046611012e+02
1.533810087647251237e+02
1.554587952814437699e+02
1.576231905846566690e+02
1.598546191191578600e+02
1.621418185078380532e+02
1.644509738479050895e+02
1.665285825379886830e+02
1.678098485780397766e+02
1.698281010610095620e+02
1.723410255531834139e+02
1.749940567255366375e+02
1.777372790202034309e+02
1.805354725663464421e+02
1.831640164103767745e+02
1.846789978558269922e+02
1.869627878300671000e+02
1.900043338260879295e+02
1.932268609258835284e+02
1.965477050040041433e+02
1.997598857837533899e+02
2.015794294201479886e+02
2.041215402748302097e+02
2.077443390718297849e+02
2.115883290240763870e+02
2.154789262365266040e+02
2.181800080735777101e+02
2.204213013595737891e+02
2.245449519536361720e+02
2.290183360435602538e+02
2.334271135633712504e+02
2.356681175528356107e+02
2.391767616664391198e+02
2.441873837227190052e+02
2.493473250510997730e+02
2.524002551732851884e+02
2.557366624180355359e+02
2.614138387192090818e+02
2.671773849264545788e+02
2.697906471308328378e+02
2.745316644678159719e+02
2.811092900101899090e+02
