1.583446247435557325e+03 1.634446247435557325e+03 1.678646247435557370e+03 1.729646247435557370e+03
1.685446247435557325e+03 1.736446247435557325e+03 1.780646247435557370e+03 1.831646247435557370e+03
1.787446247435557325e+03 1.838446247435557325e+03 1.882646247435557370e+03 1.933646247435557370e+03
1.889446247435557325e+03 1.940446247435557325e+03 1.984646247435557370e+03 2.035646247435557370e+03
1.991446247435557325e+03 2.042446247435557325e+03 2.086646247435557143e+03 2.137646247435557143e+03
2.093446247435557325e+03 2.144446247435557325e+03 2.188646247435557143e+03 2.239646247435557143e+03
2.195446247435557325e+03 2.246446247435557325e+03 2.290646247435557143e+03 2.341646247435557143e+03
2.297446247435557325e+03 2.348446247435557325e+03 2.392646247435557143e+03 2.443646247435557143e+03
2.399446247435557325e+03 2.450446247435557325e+03 2.494646247435557143e+03 2.545646247435557143e+03
2.501446247435557325e+03 2.552446247435557325e+03 2.596646247435557143e+03 2.647646247435557143e+03
2.603446247435557325e+03 2.654446247435557325e+03 2.698646247435557143e+03 2.749646247435557143e+03
2.705446247435557325e+03 2.756446247435557325e+03 2.800646247435557143e+03 2.851646247435557143e+03
